0.1299536440
0.9998503289
0.1619652448
0.3607621383
0.1436323031
0.8543563892
0.8481766860
0.7160964187
0.3951151515
0.1455993051
0.4451967283
0.0204423144
0.4231511134
0.2635902523
0.6305263907
0.7450407559
0.8239498063
0.5343895179
0.9415330738
0.6182337218
0.6623299443
0.8869792752
0.3054458829
0.3431773165
0.7245513658
0.0909202608
0.1092893402
0.3569947170
0.3930063347
0.5159565117
0.5670123304
0.4348835057
0.6624722714
0.2993305933
0.4717381817
0.3767665918
0.2788216452
0.6084003502
0.5823242064
0.5322768117
0.9261818532
0.7989874735
0.0251414448
0.3932587526
0.6820428754
0.9269605715
0.8379175109
0.5413128334
0.1271862901
0.5564092988
0.8072023965
0.7238458334
0.5300531450
0.1355127653
0.6238924876
0.0457269897
0.6832749612
0.5640583512
0.8806438213
0.3240263272
0.0553815447
0.9881412829
0.7231195286
0.3415218496
0.7558883077
0.7437927492
0.4839748735
0.9849863674
0.7016685420
0.5143117658
0.6316936803
0.1677909610
0.5951437524
0.8389105774
0.4636022986
0.1679589690
0.5992361457
0.9359211931
0.5939937993
0.2108488204
0.5904383679
0.3519973293
0.5051002266
0.4411326155
0.3099621767
0.0086643365
0.6053654963
0.8911642734
0.3771018269
0.8234845325
0.4746903314
0.3111580012
0.9516275505
0.0517172593
0.6562860076
0.1987727362
0.7545596601
0.5116158827
0.3638310595
0.5455358910
0.7102853142
0.7433618106
0.6877104906
0.5012872487
0.9183827973
0.6054426979
0.8429079984
0.9023603685
0.1553957425
0.8551625437
0.6898109364
0.4353163078
0.0762329210
0.5225488948
0.4550931747
0.1180790188
0.2516423368
0.1012175858
0.0669400154
0.0241571638
0.3992826123
0.5794115408
0.9530515985
0.9222920672
0.3219871706
0.5693487263
0.4244622790
0.5874759615
0.2139418607
0.2464400528
0.3667895690
0.5218053742
0.8585207805
0.8030837368
0.0268485744
0.9517670160
0.6036121355
0.6125232620
0.8190114455
0.8516717022
0.7812238917
0.5554538362
0.5119439835
0.4632098541
0.8008860905
0.7085708782
0.1273382380
0.0557890999
0.3577805590
0.6717041604
0.9406314949
0.5363438333
0.1528311707
0.9864654984
0.5588814720
0.4630897480
0.1500613500
0.7765188765
0.8156632077
0.0791596772
0.3677443328
0.0584573908
0.7886526115
0.0626060489
0.0252044998
0.6135956053
0.8237544687
0.5011443166
0.6449464711
0.7694274455
0.0687742159
0.1335033598
0.4180295981
0.0965921272
0.9989286202
0.6232126761
0.2313284011
0.6491431201
0.9475070922
0.6806631732
0.1928661494
0.8179911938
0.2341408693
0.5740632634
0.4919198752
0.2596952447
0.5645482013
0.8894949712
0.9454204866
0.6286166296
0.4481312922
0.1780591639
0.2963745456
0.7051328550
0.6732749341
0.1940090391
0.6119197565
0.2859707351
0.5056073927
0.9141496165
0.5886091915
0.2907521264
0.6100681319
0.1892187108
0.5173525718
0.1982532198
0.3095184224
0.8195974730
0.9144539753
0.1099667932
0.4833069924
0.0396804182
0.2757078646
0.8602021994
0.9239717612
0.1763256294
0.0310577921
0.2714910530
0.3748398832
0.6535609082
0.6657670185
0.3147552918
0.7209399948
0.3692794409
0.1926470207
0.0252237282
0.5759436710
0.1639873916
0.9892167640
0.2433570818
0.6093041810
0.2986181387
0.0573365013
0.4161625212
0.8428964155
0.5102497933
0.4397994907
0.8653712584
0.5178729088
0.8936773659
0.3974052206
0.5271866474
0.9257131505
0.7635305871
0.6015630143
0.2832301924
0.5272668857
0.2195867868
0.5575956111
0.5087635394
0.6436591111
0.4541640223
0.4291055354
0.2820917422
0.0331626885
0.6185721156
0.6613637307
0.8398196993
0.2609613332
0.2533856583
0.1933379335
0.3634464341
0.1613408932
0.8285317909
0.3972537884
0.4300637719
0.6816452156
0.6994335753
0.7261305048
0.8700375401
0.1025577868
0.6640347264
0.3105894151
0.9974698208
0.7423682824
0.0468507225
0.9622377522
0.3260455291
0.9333477941
0.4623136798
0.6574656819
0.5087082698
0.2956130991
0.0713276346
0.8896088150
0.3706538158
0.6777246746
0.0845884765
0.3897600349
0.4821762476
0.9821226570
0.4489385312
0.8857837655
0.8754334232
0.6189552633
0.3622662269
0.8849418363
0.9888069633
0.9445354146
0.1459080280
0.3093329533
0.2517727117
0.0833524636
0.9473313813
0.8689241016
0.1507216557
0.3460946082
0.3539276870
0.6752998852
0.0689562073
0.4553927100
0.7418081728
0.9752497917
0.6432043020
0.9290880457
0.9830433489
0.0536727241
0.0132898582
0.5153856898
0.8179024144
0.9474009828
0.7457341516
0.9395470603
0.0956117657
0.2820646982
0.9482510728
0.2535133743
0.7464526705
0.7286003962
0.7094971179
0.7275622712
0.0712806101
0.5289499936
0.0927069148
0.6990725382
0.4542782305
0.6861655999
0.3955701594
0.0642857988
0.2806211461
0.0647935183
0.5567030261
0.3566830653
0.8623555089
0.9904734437
0.5764464263
0.6762150728
0.2728711796
0.3971853464
0.7633674163
0.1771784959
0.4374599698
0.7973383556
0.8724184903
0.8303752335
0.6991629817
0.2429598569
0.5271982728
0.8291346376
0.4697893078
0.4240070822
0.9179242565
0.8503003990
0.2701703014
0.4909156798
0.1038449069
0.7064422181
0.5952260164
0.5604523220
0.8868685451
0.4302131241
0.3696948310
0.6331226637
0.1832008027
0.3666318009
0.1440679224
0.5775455857
0.0112118165
0.3839827936
0.4121215859
0.3298289944
0.9492242384
0.4723530396
0.8094592923
0.4144558647
0.9946313186
0.8587507234
0.1434430346
0.3435914348
0.9614811747
0.9348251618
0.6968619455
0.2722216476
0.2760208145
0.4450358798
0.8339126016
0.5665143800
0.7529442144
0.7159087344
0.8780489397
0.7432695322
0.4047791065
0.5699512182
0.3000320778
0.2681616920
0.3775309844
0.7271216336
0.3891937161
0.4091657064
0.4218408517
0.7526537822
0.1372099123
0.0300198095
0.3388657448
0.3276238872
0.2577964040
0.6035929484
0.2318998921
0.1746625088
0.1655330641
0.8060608227
0.5741674053
0.4018820951
0.6948550837
0.1802618962
0.3482964486
0.6331415018
0.6335717453
0.7025678486
0.7413894878
0.7690298420
0.0543673120
0.3180439112
0.2141202804
0.0316069262
0.2664025516
0.6364151225
0.2020630846
0.2528526708
0.7503522269
0.8773981356
0.8715801198
0.7531714988
0.8609903375
0.3681929035
0.5342703651
0.0083429708
0.1845967569
0.8578760747
0.8383900292
0.9612986241
0.9515625203
0.4953163981
0.6323729068
0.1900790427
0.3555609166
0.7211819369
0.6102040100
0.4752964576
0.7309783530
0.1198365571
0.3544137392
0.8363731671
0.3112159388
0.6283317320
0.3127474032
0.1175907203
0.2202773695
0.4829722156
0.8559631007
0.8779756189
0.1568114740
0.8602556780
0.1765773966
0.0937174182
0.1912250229
0.6683715889
0.8340920628
0.6160440097
0.6527450105
0.0813769493
0.6172079117
0.6992957935
0.8539956996
0.4807495158
0.2304421001
0.1761234626
0.7413845071
0.4380814754
0.2450274980
0.9989242710
0.1379913207
0.4817538980
0.9207024918
0.5374185617
0.7864786871
0.5490700449
0.8929212388
0.1968769719
0.3225946978
0.6962427451
0.1846126266
0.6046270168
0.8823212199
0.0182437474
0.2557126159
0.8299432032
0.3242122958
0.2931545247
0.6334777602
0.1017900219
0.0335673760
0.6048890163
0.5147085152
0.1726209105
0.7346956278
0.8241152704
0.8828908304
0.4098555422
0.0693095135
0.6265742518
0.4220957150
0.8004162446
0.6696400761
0.5608935193
0.8987607082
0.0599043635
0.5468470353
0.7868440652
0.1679954666
0.7601050771
0.4539545786
0.4242035108
0.6242212125
0.1859691511
0.3924533424
0.1134492330
0.2002984915
0.2385974688
0.0143262513
0.5176513192
0.2664385708
0.3460810623
0.1812971117
0.4553383336
0.9893954572
0.0724281354
0.2409810597
0.9326430631
0.5820916673
0.2212240273
0.6906142179
0.8560132681
0.7850526167
0.5140677060
0.8760763064
0.7265206250
0.2867877350
0.5354821711
0.8066241172
0.1471159909
0.6275517906
0.9282423736
0.5886769737
0.5502959821
0.7888341574
0.0991970812
0.1931934709
0.2533785357
0.7291080597
0.1552405184
0.8543610463
0.1721060956
0.4231582931
0.0454656612
0.5846403433
0.3531046195
0.2666844904
0.9635485522
0.5311633610
0.0868215945
0.9568435653
0.4228403226
0.9997073551
0.9579000298
0.9537176447
0.6847673715
0.5292278562
0.6582634189
0.5562556051
0.4991822152
0.7834382577
0.4683563536
0.4537083433
0.4579745497
0.5708055255
0.1301048344
0.5144636329
0.1626661371
0.8337986589
0.3678616007
0.7817356109
0.3043197631
0.1847759003
0.3657512924
0.2833191807
0.0116359278
0.5705904598
0.0933371292
0.9214195135
0.3254512688
0.8488009974
0.5401937087
0.4022532362
0.0737836296
0.6462658566
0.9698703741
0.0635197187
0.5874556132
0.4535196266
0.1728212001
0.8775582335
0.9569915569
0.3933417298
0.5333075876
0.0964279317
0.9401500814
0.5231994072
0.8139987579
0.1409425752
0.6925862758
0.1098695203
0.2930422509
0.7491772004
0.8407333224
0.0177653772
0.0866691985
0.3643987880
0.6417649041
0.0527394887
0.0995796656
0.9708293715
0.2126200987
0.4716601898
0.7862378994
0.9889045352
0.6916519755
0.5109248151
0.9859038223
0.7519117500
0.6232539180
0.9073385991
0.5950535014
0.2561902724
0.4468444387
0.9698792374
0.9786515958
0.5431421138
0.8423467501
0.5145142969
0.4510745032
0.8463041640
0.9486254221
0.6003473292
0.4011264695
0.3456342345
0.9849640968
0.4479605875
0.9299160052
0.7417365193
0.8941900621
0.2769150663
0.7124126331
0.1833742322
0.0389189716
0.1853223175
0.0076516298
0.2486466972
0.6285544523
0.2362447007
0.8441814393
0.7112181633
0.3252981572
0.4492385686
0.7887195673
0.1449481947
0.1368966964
0.9655792227
0.0070662579
0.1270875631
0.0345915995
0.9999150329
0.4977862843
0.1519177913
0.7632485751
0.4711083630
0.4179020072
0.9580786918
0.1912040520
0.4923204831
0.7912134401
0.4056549155
0.6268902017
0.8093649790
0.5420605913
0.8058378210
0.4893013949
0.2874152008
0.4911057198
0.9129778191
0.1776069477
0.2902014442
0.9775287066
0.7407821105
0.7497255967
0.1056765541
0.5282554370
0.2749881047
0.2201813712
0.4075011589
0.2374712388
0.6619055881
0.1416334354
0.2299884274
0.3820414027
0.8460471249
0.6090677058
0.7777429960
0.6517724603
0.0287016621
0.2966951201
0.9985351889
0.7548747244
0.0454517285
0.9388928550
0.2491340856
0.0289341765
0.8218204785
0.3514987360
0.0025815608
0.9718160895
0.7256505379
0.3065384349
0.5880604643
0.5932841149
0.1811556236
0.6957801042
0.7147939948
0.4559510243
0.2645532567
0.8776421506
0.1009142001
0.8373616487
0.4607828000
0.0321111516
0.9691000567
0.7476164259
0.9119915922
0.3421282582
0.8654537351
0.6363920753
0.0512947802
0.2357991194
0.6717416839
0.1418324255
0.6126005907
0.6720735454
0.8525696143
0.1205950357
0.3502751112
0.9001085773
0.9186263674
0.1419853767
0.8370274560
0.8376792366
0.6573067016
0.0622313212
0.8392193362
0.1925566880
0.4734973041
0.8896024289
0.7672885454
0.6282208341
0.8419354961
0.4034153810
0.0088388231
0.8217563352
0.0649298794
0.5918850100
0.7513063774
0.5962635938
0.3561939186
0.5068288095
0.1224459041
0.3302741148
0.3776383429
0.6584811130
0.2180451787
0.1157656306
0.7481152307
0.2016013029
0.3552659101
0.7983185367
0.3548089750
0.0904327360
0.0671016747
0.0004862684
0.7087969877
0.3101489690
0.2796432375
0.5409717827
0.3390118219
0.5328040658
0.9599202983
0.1808319887
0.9140931520
0.7096034328
0.9809590023
0.3446508282
0.1951673654
0.4037287708
0.1717223806
0.3812717766
0.5586972002
0.8374920203
0.6018390603
0.6661832796
0.8363128088
0.1478706042
0.7701017720
0.1138986147
0.3658683478
0.2566785355
0.8010262866
0.3522552808
0.4091522966
0.9679434601
0.3313767188
0.9745555364
0.0097627830
0.7445691741
0.8281685325
0.5021578471
0.1189463140
0.7521057378
0.5085855848
0.5195875947
0.3467018692
0.6218442690
0.2806905002
0.2931295004
0.7511908588
0.3549399025
0.3263926621
0.3220299084
0.6885904643
0.8605942360
0.5433112116
0.8348561248
0.9903181411
0.7748991441
0.5413580124
0.8927003548
0.9306762200
0.9857329997
0.9144766715
0.9540573209
0.3138255582
0.4864313413
0.9387298090
0.1562742660
0.1458566556
0.6903012643
0.9623002300
0.1407438006
0.8372807275
0.9408801718
0.1119413171
0.1906006598
0.0120614416
0.6396306060
0.5058643812
0.4053973178
0.9610424473
0.7026317366
0.9658186187
0.7453711935
0.7769217470
0.2472589145
0.5513886740
0.2991338817
0.8540592845
0.0652228138
0.4551968794
0.5462546204
0.7201382719
0.2339571865
0.2773574547
0.4759749891
0.8890511370
0.7557256954
0.6727566500
0.9770510975
0.8216034573
0.9128212530
0.6228886492
0.3155978972
0.7775446289
0.4616450299
0.8715840552
0.5748455877
0.4847778972
0.5729635123
0.9462115148
0.5002727202
0.7149726296
0.5515586437
0.5416214272
0.9993496167
0.9918097097
0.0452120992
0.2534638738
0.9469931700
0.4905264595
0.0880546703
0.1709046959
0.0632051146
0.4990106775
0.7231888482
0.2312933198
0.2795747136
0.9016036291
0.1615279364
0.6945431588
0.8953610065
0.5677497490
0.9452716395
0.2173598724
0.1540867632
0.7787866020
0.0331859051
0.8754074013
0.7264102337
0.5965972524
0.8603209469
0.4525295301
0.5069109555
0.9727750752
0.8897736149
0.3445503989
0.2541373903
0.5653746768
0.5437106075
0.9450253878
0.6307679585
0.1267629766
0.5209291033
0.4350288059
0.6790005846
0.4452509878
0.2235446270
0.0198573673
0.8650274995
0.9269811274
0.7213280901
0.1639806603
0.0104752562
0.9448009572
0.2139279555
0.9677675474
0.9357865991
0.8586442821
0.8003051666
0.0680233097
0.2102371276
0.9311298047
0.6306908795
0.3376793211
0.1889877526
0.8855384991
0.3604390758
0.5572595057
0.4126538667
0.8638404167
0.7575918378
0.1239545809
0.2729917797
0.7972764641
0.8599031123
0.2215907547
0.1900395406
0.7520340146
0.1637918083
0.1396269215
0.7050806175
0.5735704693
0.2596798522
0.7576275471
0.7139915022
0.8632142132